---
conversation_1:
  id: 1
  sender_id: 1
  receiver_id: 2
  created_at: 2021-09-15 06:23:30.189068000 Z
  updated_at: 2021-09-15 06:25:15.795814000 Z
conversation_2:
  id: 2
  sender_id: 2
  receiver_id: 3
  created_at: 2021-09-15 06:26:09.759757000 Z
  updated_at: 2021-09-15 06:26:09.778280000 Z
