---
message_1:
  id: 1
  content: First message to user second
  user_id: 1
  conversation_id: 1
  created_at: 2021-09-15 06:23:30.199103000 Z
  updated_at: 2021-09-15 06:23:30.199103000 Z
  read_at:
message_2:
  id: 2
  content: Reply message from user first
  user_id: 2
  conversation_id: 1
  created_at: 2021-09-15 06:25:15.795814000 Z
  updated_at: 2021-09-15 06:25:15.795814000 Z
  read_at:
message_3:
  id: 3
  content: Hello third user
  user_id: 2
  conversation_id: 2
  created_at: 2021-09-15 06:26:09.778280000 Z
  updated_at: 2021-09-15 06:26:09.778280000 Z
  read_at:
